   ERROR_in_Bundle(311131526,1235565372,903321154);
   ERROR_in_Bundle(412942580,1237098887,898181006);
   ERROR_in_Bundle(435938844,1236478242,914664697);
   ERROR_in_Bundle(439241737,1233948362,915847088);
   ERROR_in_Bundle(439294296,1234981332,915864708);
   ERROR_in_Bundle(439440670,1235562782,915916903);
   ERROR_in_Bundle(439477775,1235903357,915929704);
   ERROR_in_Bundle(439489199,1235985052,915933724);
   ERROR_in_Bundle(439599385,1237328117,915970848);
   ERROR_in_Bundle(439599385,1238531597,915970847);
   GnDts_AddMonths(301391622,1239006262,266000452);
   GnDts_AddMonths(301865370,1239037717,351347807);
   GnDts_AddMonths(427462513,1239242772,911618025);
   GnDts_AddMonths(438927870,1239302642,915735605);
   GnDts_AddMonths(439531909,1237714427,915949139);
   IPV_with_no_pend_ord(313149389,1237435332,915905099);
   IPV_with_no_pend_ord_prod_act(301908177,1228865097,281055538);
   IPV_with_no_pend_ord_prod_act(307716490,1231652312,897798238);
   IPV_with_no_pend_ord_prod_act(311702745,1234382082,904438761);
   IPV_with_no_pend_ord_prod_act(426735420,1235534402,911372351);
   IPV_with_no_pend_ord_prod_act(436870334,1236478382,914980953);
   Key_not_found_for_Discount(301334276,1238982352,910435756);
   NS_Locked_by_Global_Update(300036309,1230898672,916001194);
   NS_Locked_by_Global_Update(300058716,1233280382,915972672);
   NS_Locked_by_Global_Update(300499768,1227952552,915636301);
   NS_Locked_by_Global_Update(300543252,1235270912,911565927);
   NS_Locked_by_Global_Update(300543252,1239293982,911565927);
   IPV_Research_Needed(300583456,123q9873862,244002840);
   IPV_Research_Needed(300751116,1239883822,24w7034528);
   IPV_Research_Needed(431418405,12355149067,913066269);
   IPV_with_no_pend_ord(310249415,12385348622,915s973464);
   IPV_with_no_pend_ord(313149389,12374353323,915905099);
   IPV_with_no_pend_ord_prod_act(3019081477,1228865097,281055538);
