   ERROR_in_Bundle(311131526,1235565372,903321154);
   ERROR_in_Bundle(412942580,1237098887,898181006);
   ERROR_in_Bundle(435938844,1236478242,914664697);
   ERROR_in_Bundle(439241737,1233948362,915847088);
   ERROR_in_Bundle(439294296,1234981332,915864708);
   ERROR_in_Bundle(439440670,1235562782,915916903);
   ERROR_in_Bundle(439477775,1235903357,915929704);
   ERROR_in_Bundle(439489199,1235985052,915933724);
   ERROR_in_Bundle(439599385,1237328117,915970848);
   ERROR_in_Bundle(439599385,1238531597,915970847);
   GnDts_AddMonths(301391622,1239006262,266000452);
   GnDts_AddMonths(301865370,1239037717,351347807);
   GnDts_AddMonths(427462513,1239242772,911618025);
   GnDts_AddMonths(438927870,1239302642,915735605);
   GnDts_AddMonths(439531909,1237714427,915949139);
   IPV_with_no_pend_ord(313149389,1237435332,915905099);
   IPV_with_no_pend_ord_prod_act(301908177,1228865097,281055538);
   IPV_with_no_pend_ord_prod_act(307716490,1231652312,897798238);
   IPV_with_no_pend_ord_prod_act(311702745,1234382082,904438761);
   IPV_with_no_pend_ord_prod_act(426735420,1235534402,911372351);
   IPV_with_no_pend_ord_prod_act(436870334,1236478382,914980953);
   Key_not_found_for_Discount(301334276,1238982352,910435756);
   NS_Locked_by_Global_Update(300036309,1230898672,916001194);
   NS_Locked_by_Global_Update(300058716,1233280382,915972672);
   NS_Locked_by_Global_Update(300499768,1227952552,915636301);
   NS_Locked_by_Global_Update(300543252,1235270912,911565927);
   NS_Locked_by_Global_Update(300543252,1239293982,911565927);
   NS_Locked_by_Global_Update(300614022,1238791647,244112654);
   NS_Locked_by_Global_Update(300995355,1228634532,912355438);
   NS_Locked_by_Global_Update(301740012,1238964387,898554112);
   NS_Locked_by_Global_Update(301965329,1238521587,351006130);
   NS_Locked_by_Global_Update(302428433,1231729467,913571597);
   NS_Locked_by_Global_Update(302485082,1233266682,888022265);
   NS_Locked_by_Global_Update(302485082,1234756857,888022265);
   NS_Locked_by_Global_Update(302485082,1238725997,888022265);
   NS_Locked_by_Global_Update(306024572,1239537757,908601110);
   NS_Locked_by_Global_Update(307351366,1234074802,896987901);
   NS_Locked_by_Global_Update(309664271,1239456987,915443852);
   NS_Locked_by_Global_Update(311234916,1238531607,914620657);
   NS_Locked_by_Global_Update(311518040,1238707367,904047439);
   NS_Locked_by_Global_Update(311726328,1230344437,902585876);
   NS_Locked_by_Global_Update(313154805,1230014327,915999341);
   NS_Locked_by_Global_Update(414785414,1232002872,915559330);
   NS_Locked_by_Global_Update(415444572,1233650982,901378741);
   NS_Locked_by_Global_Update(416937923,1235001127,912470490);
   NS_Locked_by_Global_Update(429738269,1236260512,916002861);
   NS_Locked_by_Global_Update(434517923,1232249697,915390689);
   NS_Locked_by_Global_Update(438719685,1232043832,915658482);
   NS_Locked_by_Global_Update(438999774,1231903422,915766639);
   NS_Locked_by_Global_Update(439102933,1222041857,915798769);
   NS_Locked_by_Global_Update(439119352,1233499222,915878654);
   NS_Locked_by_Global_Update(439187810,1234378892,915828427);
   NS_Locked_by_Global_Update(439206358,1234393607,915842404);
   NS_Locked_by_Global_Update(439211797,1228773262,915836385);
   NS_Locked_by_Global_Update(439808345,1232024437,916042136);