   ERROR_in_Bundle(311131526,1235565372,903321154);
   ERROR_in_Bundle(412942580,1237098887,898181006);
   ERROR_in_Bundle(435938844,1236478242,914664697);
   ERROR_in_Bundle(439241737,1233948362,915847088);
   ERROR_in_Bundle(439294296,1234981332,915864708);
   ERROR_in_Bundle(439440670,1235562782,915916903);
   ERROR_in_Bundle(439477775,1235903357,915929704);
   ERROR_in_Bundle(439489199,1235985052,915933724);
   ERROR_in_Bundle(439599385,1237328117,915970848);
   ERROR_in_Bundle(439599385,1238531597,915970847);
   GnDts_AddMonths(301391622,1239006262,266000452);
   GnDts_AddMonths(301865370,1239037717,351347807);
   GnDts_AddMonths(427462513,1239242772,911618025);
   GnDts_AddMonths(438927870,1239302642,915735605);
   GnDts_AddMonths(439531909,1237714427,915949139);
   IPV_with_no_pend_ord(313149389,1237435332,915905099);
   IPV_with_no_pend_ord_prod_act(301908177,1228865097,281055538);
   IPV_with_no_pend_ord_prod_act(307716490,1231652312,897798238);
   IPV_with_no_pend_ord_prod_act(311702745,1234382082,904438761);
   IPV_with_no_pend_ord_prod_act(426735420,1235534402,911372351);
   IPV_with_no_pend_ord_prod_act(436870334,1236478382,914980953);
   Key_not_found_for_Discount(301334276,1238982352,910435756);
   NS_Locked_by_Global_Update(300036309,1230898672,916001194);
   NS_Locked_by_Global_Update(300058716,1233280382,915972672);
   NS_Locked_by_Global_Update(300499768,1227952552,915636301);
   NS_Locked_by_Global_Update(300543252,1235270912,911565927);
   NS_Locked_by_Global_Update(300543252,1239293982,911565927);
   NS_Locked_by_Global_Update(300614022,1238791647,244112654);
   NS_Locked_by_Global_Update(300995355,1228634532,912355438);
   NS_Locked_by_Global_Update(301740012,1238964387,898554112);
   NS_Locked_by_Global_Update(301965329,1238521587,351006130);
   NS_Locked_by_Global_Update(302428433,1231729467,913571597);
   NS_Locked_by_Global_Update(302485082,1233266682,888022265);
   NS_Locked_by_Global_Update(302485082,1234756857,888022265);
   NS_Locked_by_Global_Update(302485082,1238725997,888022265);
   NS_Locked_by_Global_Update(306024572,1239537757,908601110);
   NS_Locked_by_Global_Update(307351366,1234074802,896987901);
   NS_Locked_by_Global_Update(309664271,1239456987,915443852);
   NS_Locked_by_Global_Update(311234916,1238531607,914620657);
   NS_Locked_by_Global_Update(311518040,1238707367,904047439);
   NS_Locked_by_Global_Update(311726328,1230344437,902585876);
   NS_Locked_by_Global_Update(313154805,1230014327,915999341);
   NS_Locked_by_Global_Update(414785414,1232002872,915559330);
   NS_Locked_by_Global_Update(415444572,1233650982,901378741);
   NS_Locked_by_Global_Update(416937923,1235001127,912470490);
   NS_Locked_by_Global_Update(429738269,1236260512,916002861);
   NS_Locked_by_Global_Update(434517923,1232249697,915390689);
   NS_Locked_by_Global_Update(438719685,1232043832,915658482);
   NS_Locked_by_Global_Update(438999774,1231903422,915766639);
   NS_Locked_by_Global_Update(439102933,1222041857,915798769);
   NS_Locked_by_Global_Update(439119352,1233499222,915878654);
   NS_Locked_by_Global_Update(439187810,1234378892,915828427);
   NS_Locked_by_Global_Update(439206358,1234393607,915842404);
   NS_Locked_by_Global_Update(439211797,1228773262,915836385);
   NS_Locked_by_Global_Update(439808345,1232024437,916042136);
   OMS_BUNDLE_ORD_DEPEND_PK(438149152,1239299582,915661829);
   Too_many_rows_in_cust_feature(300373485,1239327442,239044666);
   aramAdjEnv(438235464,1235090077,915497489);
   blbn_olnrc(300257027,1237860592,234018632);
   blbn_olnrc(300829433,1238926412,248064609);
   blbn_olnrc(301007745,1239270627,350653624);
   blbn_olnrc(301244714,1222776562,914052079);
   blbn_olnrc(301386988,1238895862,266046750);
   blbn_olnrc(301994468,1238895212,910579738);
   blbn_olnrc(309805954,1239544932,900278209);
   blbn_olnrc(310235231,1239538787,915147909);
   blbn_olnrc(311654457,1232219242,901985938);
   blbn_olnrc(311654457,1232220732,901986038);
   blbn_olnrc(311654457,1232225347,901986405);
   blbn_olnrc(311654457,1232228762,901986782);
   blbn_olnrc(311654457,1235936657,911553511);
   blbn_olnrc(311654457,1236320347,901985762);
   blbn_olnrc(311827622,1238661842,904050906);
   blbn_olnrc(313190172,1239040372,906727920);
   blbn_olnrc(313363020,1236418947,907463943);
   blbn_olnrc(313561627,1238557247,906003661);
   blbn_olnrc(434449942,1227389217,914132413);
   blbn_olnrc(437410352,1216902782,915182365);
   blbn_olnrc(439277795,1239212997,915859430);
   blbn_olnrc(439358602,1239045597,915887720);
   blbn_olnrc(439494163,1239259672,915935104);
   correct_sa_mode(433853019,1239511627,913944416);
   create_pending_prod(309973738,1239007642,916024204);
   create_pending_prod(439792880,1239396412,916036407);
   csCnclProd_Failed(418862529,1180770407,912439906);
   dom_gt_curver_omprod(434491762,1237337132,914326095);
   dom_gt_curver_omprod(434491762,1237337177,914326264);
   fix_msag_address(302298784,1221170917,890041210);
   fix_msag_address(307330358,1222490717,896163070);
   fix_msag_address(307330358,1222492317,896162934);
   fix_msag_address(307330358,1222494037,896162979);
   fix_msag_address(307330358,1222495572,896163049);
   fix_msag_address(307611223,1237398732,897937529);
   fix_msag_address(308135412,1239438782,897396405);
   fix_msag_address(308321350,1233469837,896681320);
   fix_msag_address(309323434,1232876432,900400298);
   fix_msag_address(309373350,1231663047,899818623);
   fix_msag_address(309756091,1232865267,900872151);
   fix_msag_address(309756091,1232878787,900872160);
   fix_msag_address(309829323,1231590092,900465314);
   fix_msag_address(309971845,1220451247,899591419);
   fix_msag_address(309971845,1220516667,899591402);
   fix_msag_address(309971845,1231594457,899591216);
   fix_msag_address(309971845,1231595332,899590404);
   fix_msag_address(309971845,1231596652,899590879);
   fix_msag_address(310292753,1229783547,900854767);
   fix_msag_address(311063501,1232855117,903940622);
   fix_msag_address(311083882,1226993197,903579870);
   fix_msag_address(311740712,1237919652,903697382);
   fix_msag_address(311784934,1234525647,904148442);
   fix_msag_address(311962164,1214582797,904421363);
   fix_msag_address(311962164,1214642572,904420189);
   fix_msag_address(311964959,1239402962,904417535);
   fix_msag_address(311964959,1239402967,904417538);
   fix_msag_address(311964959,1239402972,904417542);
   fix_msag_address(311964959,1239402977,904417548);
   fix_msag_address(311964959,1239402987,904417553);
   fix_msag_address(312183773,1232657262,903267369);
   fix_msag_address(313274015,1233355202,906713256);
   fix_msag_address(314191074,1232641497,906564957);
   fix_msag_address(314191074,1232641507,906564975);
   fix_msag_address(314204410,1235622207,905910031);
   insert_into_history(311920319,1238652147,915993059);
   insert_into_history(437462821,1239547542,915196554);
   pcs_handle_move_deposit(407839481,1229396462,910472991);
   pcs_handle_move_deposit(436890156,1235088582,914989021);
   pcs_handle_om_olp(310144903,1233473437,915543299);
   pgn_gt_name_address_buf(431435882,1239316662,915516987);
   pgn_gt_name_address_buf(431435882,1239316667,915964276);
   pom_resume_sus_csm_prod(308424263,1237651237,897059488);
   pom_saveBE_sa_chg(437750364,1220951372,915302726);
   pp_not_found_doesnt_exists(311304845,1238446527,901821959);
   pp_not_found_research(300382314,1239334322,239014954);
   pp_not_found_research(301323187,1238335117,913593606);
   pp_not_found_research(301375784,1239339557,266063931);
   pp_not_found_research(404447743,1238582002,350615485);
   pp_not_found_research(425740834,1238704897,911160762);
   unexpire_active_pp(313202487,1238679132,907191558);
   unknown(300484831,1237375117,242039095);
   unknown(301454477,1239239602,916031784);
   unknown(308044772,1237836857,911919478);
   unknown(313110670,1239245212,916032039);
   unknown(409867489,1199488947,914522138);
   unknown(415744553,1231613397,901493821);
   unknown(422040477,1236999932,913477620);
   unknown(424183188,1239221092,910402053);
   unknown(429584945,1237392732,915974498);
   unknown(436603217,1239501812,915290252);
   unknown(438469751,1237016712,915567013);
   unknown(438721770,1236227127,915659182);
   unknown(439002976,1238678072,915762563);
   unknown(439032483,1237639432,915772303);
   unknown(439224361,1235505992,915840159);
   unknown(439315781,1237615177,915872266);
   unknown(439416409,1237732692,915908571);
   unknown(439495028,1237659102,915935361);
   unknown(439542275,1237832887,915952388);
   unknown(439560584,1238998812,915957940);
   unknown(439687655,1238459892,916001241);
   unknown(439753623,1239009142,916022022);
   year_must_be_between(300302263,1230787367,911663119);
   year_must_be_between(300548304,1236365297,914450593);
   year_must_be_between(306003976,1239419552,764044092);
   year_must_be_between(414857762,1237748292,901141700);
   year_must_be_between(417341436,1235490312,904807481);
   year_must_be_between(435196540,1236989127,914400595);
   year_must_be_between(437388217,1230788212,915178514);
   year_must_be_between(438892196,1232936032,915722958);
