   ERROR_in_Bundle(311131526,1235565372,903321154);
   ERROR_in_Bundle(412942580,1237098887,898181006);
   ERROR_in_Bundle(435938844,1236478242,914664697);
   ERROR_in_Bundle(439241737,1233948362,915847088);
   ERROR_in_Bundle(439294296,1234981332,915864708);
   ERROR_in_Bundle(439440670,1235562782,915916903);
   ERROR_in_Bundle(439477775,1235903357,915929704);
   ERROR_in_Bundle(439489199,1235985052,915933724);
   ERROR_in_Bundle(439599385,1237328117,915970848);
   ERROR_in_Bundle(439599385,1238531597,915970847);
   GnDts_AddMonths(301391622,1239006262,266000452);
   GnDts_AddMonths(301865370,1239037717,351347807);
   GnDts_AddMonths(427462513,1239242772,911618025);
   GnDts_AddMonths(438927870,1239302642,915735605);
   GnDts_AddMonths(439531909,1237714427,915949139);
   IPV_with_no_pend_ord(313149389,1237435332,915905099);
   IPV_with_no_pend_ord_prod_act(301908177,1228865097,281055538);
   IPV_with_no_pend_ord_prod_act(307716490,1231652312,897798238);
   IPV_with_no_pend_ord_prod_act(311702745,1234382082,904438761);
   IPV_with_no_pend_ord_prod_act(426735420,1235534402,911372351);
   IPV_with_no_pend_ord_prod_act(436870334,1236478382,914980953);
   Key_not_found_for_Discount(301334276,1238982352,910435756);
   NS_Locked_by_Global_Update(300036309,1230898672,916001194);
   NS_Locked_by_Global_Update(300058716,1233280382,915972672);
   NS_Locked_by_Global_Update(300499768,1227952552,915636301);
   NS_Locked_by_Global_Update(300543252,1235270912,911565927);
   NS_Locked_by_Global_Update(300543252,1239293982,911565927);
   IPV_Research_Needed(300583456,1239873862,244002840);
   IPV_Research_Needed(300751116,1239883822,247034528);
   IPV_Research_Needed(431418405,1235519067,913066269);
   IPV_with_no_pend_ord(310249415,1238538622,915973464);
   IPV_with_no_pend_ord(313149389,1237435332,915905099);
   IPV_with_no_pend_ord_prod_act(301908177,1228865097,281055538);
   IPV_with_no_pend_ord_prod_act(311702745,1234382082,904438761);
   NS_Locked_by_Global_Update(300502169,1239071497,764607880);
   NS_Locked_by_Global_Update(300830565,1235270912,248016697);
   NS_Locked_by_Global_Update(300833498,1239293982,248066669);
   NS_Locked_by_Global_Update(301402008,1230014327,266010374);
   NS_Locked_by_Global_Update(301514140,1230344437,916031347);
   NS_Locked_by_Global_Update(307533957,1238725997,315100677);
   NS_Locked_by_Global_Update(429584945,1222041857,915974498);
   NS_Locked_by_Global_Update(438732455,1235980377,915663728);
   NS_Locked_by_Global_Update(43942683,1234393607,915850447);
   NS_Product_must_be_active(309624256,1239887472,900329979);
   OMS_BUNDLE_ORD_DEPEND_PK(433682216,1238655642,913876043);
   OMS_BUNDLE_ORD_DEPEND_PK(436088029,1239544507,914715657);
   Too_many_rows_in_cust_feature(300373485,1239327442,239044666);